sprite 
[20,100,200,300,400,500,600,700,800,900,1000]
multi1
[100,200,400,600,800,1000,1200,1400,1600,1800,2000  ]
2_pools
[60,80,100,120,140,160,180,200,250,300,350,400,450]
CPP
[20,35,50,80,100,200,300,400,500,600,700,800,900]
CS
[30,60,100,200,300,400,500,600,700,800,900,1000,1100,1200,1300,1400] 
gli
[30,60,100,200,300,400,500,600,700,800,900,1000,1100,1200,1300,1400,1500,1600,1700,1800,1900,2000,2100,2200,2300,2400]
multi2
[100,200,400,600,800,1000,1200,1400,1600,1800,2000,2200,2400,2600,2800,3000]
multi3
[200,400,600,800,1000,1200,1400,1600,1800,2000,2200,2400,2600,2800,3000,3200,3400,3600,3800,4000]
ps
[30,60,100,200,300,350,355,360,370,400,500,750,1000,1250,1500,1750,2000,2500,2700]



 